{
  "advancedEditorSelectedIdentifier" : "ProjectBrowser",
  "openSceneRelativePaths" : [
    "Earth.usda"
  ],
  "recentIdentifiers" : {
    "6AF421D5-F098-4D35-8830-F4BB228EF79A" : [

    ]
  },
  "sceneCameraHistory" : {
    "6AF421D5-F098-4D35-8830-F4BB228EF79A" : [
      {
        "date" : 729710148.470855,
        "title" : "Untitled",
        "transform" : [
          0.3270941,
          -3.4757552e-09,
          0.94499177,
          0,
          0.15334356,
          0.98674643,
          -0.05307747,
          0,
          -0.93246716,
          0.16226974,
          0.32275894,
          0,
          -0.10622257,
          0.10586688,
          -0.009427533,
          1
        ]
      },
      {
        "date" : 729710136.866801,
        "title" : "Untitled",
        "transform" : [
          -0.45713037,
          -0.0025623972,
          0.889396,
          0,
          0.48162827,
          0.83997077,
          0.24996656,
          0,
          -0.7477072,
          0.54262555,
          -0.38274208,
          0,
          -2.4234974,
          1.8940493,
          -1.8169088,
          1
        ]
      },
      {
        "date" : 729710115.42011,
        "title" : "Untitled",
        "transform" : [
          -0.45713037,
          -0.0025623972,
          0.889396,
          0,
          0.48162827,
          0.83997077,
          0.24996656,
          0,
          -0.7477072,
          0.54262555,
          -0.38274208,
          0,
          -0.72478545,
          0.66145223,
          -0.94743854,
          1
        ]
      },
      {
        "date" : 729097782.412166,
        "title" : "Untitled",
        "transform" : [
          -0.45713037,
          -0.0025623972,
          0.889396,
          0,
          0.48162827,
          0.83997077,
          0.24996656,
          0,
          -0.7477072,
          0.54262555,
          -0.38274208,
          0,
          -0.66887516,
          0.6104275,
          -0.8743524,
          1
        ]
      },
      {
        "date" : 729097766.293671,
        "title" : "Untitled",
        "transform" : [
          -0.45713037,
          -0.0025623972,
          0.889396,
          0,
          0.48162827,
          0.83997077,
          0.24996656,
          0,
          -0.7477072,
          0.54262555,
          -0.38274208,
          0,
          -2.0586782,
          1.6190348,
          -1.5857756,
          1
        ]
      },
      {
        "date" : 729097761.84416,
        "title" : "Untitled",
        "transform" : [
          -0.45713037,
          -0.0025623972,
          0.889396,
          0,
          0.48162827,
          0.83997077,
          0.24996656,
          0,
          -0.7477072,
          0.54262555,
          -0.38274208,
          0,
          -0.5385613,
          0.42354825,
          -1.0799968,
          1
        ]
      },
      {
        "date" : 729097740.859699,
        "title" : "Untitled",
        "transform" : [
          -0.45713037,
          -0.0025623972,
          0.889396,
          0,
          0.48162827,
          0.83997077,
          0.24996656,
          0,
          -0.7477072,
          0.54262555,
          -0.38274208,
          0,
          -2.682581,
          2.1096995,
          -1.8005064,
          1
        ]
      },
      {
        "date" : 729097646.225095,
        "title" : "Untitled",
        "transform" : [
          -0.45713037,
          -0.0025623972,
          0.889396,
          0,
          0.48162827,
          0.83997077,
          0.24996656,
          0,
          -0.7477072,
          0.54262555,
          -0.38274208,
          0,
          -2.6729858,
          2.1021533,
          -1.797288,
          1
        ]
      },
      {
        "date" : 729097643.724913,
        "title" : "Untitled",
        "transform" : [
          -0.45713037,
          -0.0025623972,
          0.889396,
          0,
          0.48162827,
          0.83997077,
          0.24996656,
          0,
          -0.7477072,
          0.54262555,
          -0.38274208,
          0,
          -3.0945818,
          2.4076774,
          -0.54052603,
          1
        ]
      },
      {
        "date" : 729097625.906217,
        "title" : "Untitled",
        "transform" : [
          -0.36578494,
          5.4401713e-08,
          0.9306994,
          0,
          0.59178674,
          0.77181125,
          0.2325849,
          0,
          -0.7183242,
          0.6358517,
          -0.28231698,
          0,
          -0.11329354,
          0.11785756,
          -0.8477849,
          1
        ]
      }
    ]
  }
}