{
  "advancedEditorSelectedIdentifier" : "ProjectBrowser",
  "openSceneRelativePaths" : [
    "Earth.usda"
  ],
  "recentIdentifiers" : {
    "6AF421D5-F098-4D35-8830-F4BB228EF79A" : [

    ]
  },
  "sceneCameraHistory" : {
    "6AF421D5-F098-4D35-8830-F4BB228EF79A" : [
      {
        "date" : 729097782.412166,
        "title" : "Untitled",
        "transform" : [
          -0.45713037,
          -0.0025623972,
          0.889396,
          0,
          0.48162827,
          0.83997077,
          0.24996656,
          0,
          -0.7477072,
          0.54262555,
          -0.38274208,
          0,
          -0.66887516,
          0.6104275,
          -0.8743524,
          1
        ]
      },
      {
        "date" : 729097766.293671,
        "title" : "Untitled",
        "transform" : [
          -0.45713037,
          -0.0025623972,
          0.889396,
          0,
          0.48162827,
          0.83997077,
          0.24996656,
          0,
          -0.7477072,
          0.54262555,
          -0.38274208,
          0,
          -2.0586782,
          1.6190348,
          -1.5857756,
          1
        ]
      },
      {
        "date" : 729097761.84416,
        "title" : "Untitled",
        "transform" : [
          -0.45713037,
          -0.0025623972,
          0.889396,
          0,
          0.48162827,
          0.83997077,
          0.24996656,
          0,
          -0.7477072,
          0.54262555,
          -0.38274208,
          0,
          -0.5385613,
          0.42354825,
          -1.0799968,
          1
        ]
      },
      {
        "date" : 729097740.859699,
        "title" : "Untitled",
        "transform" : [
          -0.45713037,
          -0.0025623972,
          0.889396,
          0,
          0.48162827,
          0.83997077,
          0.24996656,
          0,
          -0.7477072,
          0.54262555,
          -0.38274208,
          0,
          -2.682581,
          2.1096995,
          -1.8005064,
          1
        ]
      },
      {
        "date" : 729097646.225095,
        "title" : "Untitled",
        "transform" : [
          -0.45713037,
          -0.0025623972,
          0.889396,
          0,
          0.48162827,
          0.83997077,
          0.24996656,
          0,
          -0.7477072,
          0.54262555,
          -0.38274208,
          0,
          -2.6729858,
          2.1021533,
          -1.797288,
          1
        ]
      },
      {
        "date" : 729097643.724913,
        "title" : "Untitled",
        "transform" : [
          -0.45713037,
          -0.0025623972,
          0.889396,
          0,
          0.48162827,
          0.83997077,
          0.24996656,
          0,
          -0.7477072,
          0.54262555,
          -0.38274208,
          0,
          -3.0945818,
          2.4076774,
          -0.54052603,
          1
        ]
      },
      {
        "date" : 729097625.906217,
        "title" : "Untitled",
        "transform" : [
          -0.36578494,
          5.4401713e-08,
          0.9306994,
          0,
          0.59178674,
          0.77181125,
          0.2325849,
          0,
          -0.7183242,
          0.6358517,
          -0.28231698,
          0,
          -0.11329354,
          0.11785756,
          -0.8477849,
          1
        ]
      },
      {
        "date" : 729097617.756205,
        "title" : "Untitled",
        "transform" : [
          -0.36578494,
          5.4401713e-08,
          0.9306994,
          0,
          0.59178674,
          0.77181125,
          0.2325849,
          0,
          -0.7183241,
          0.6358516,
          -0.28231695,
          0,
          -0.69965196,
          0.72783774,
          -0.5732142,
          1
        ]
      },
      {
        "date" : 729097614.557123,
        "title" : "Untitled",
        "transform" : [
          -0.8306762,
          4.0411684e-05,
          0.55675596,
          0,
          0.5369905,
          0.2641451,
          0.8011671,
          0,
          -0.147032,
          0.9644829,
          -0.21944073,
          0,
          -0.6116893,
          0.7337244,
          -0.4381378,
          1
        ]
      },
      {
        "date" : 729097325.464844,
        "title" : "Untitled",
        "transform" : [
          -0.9170053,
          4.0417537e-05,
          0.3988749,
          0,
          0.24571304,
          0.78779143,
          0.56480944,
          0,
          -0.31420743,
          0.61594206,
          -0.7224189,
          0,
          -0.97601146,
          0.8364209,
          -1.2249751,
          1
        ]
      }
    ]
  }
}