{
  "advancedEditorSelectedIdentifier" : "ProjectBrowser",
  "openSceneRelativePaths" : [
    "Earth.usda",
    "Airport\/Heathrow_Airport\/Heathrow_Airport.usda"
  ],
  "recentIdentifiers" : {
    "6AF421D5-F098-4D35-8830-F4BB228EF79A" : [

    ]
  },
  "sceneCameraHistory" : {
    "6AF421D5-F098-4D35-8830-F4BB228EF79A" : [
      {
        "date" : 730336765.925189,
        "title" : "Untitled",
        "transform" : [
          0.8036837,
          -1.6078034e-09,
          0.5950567,
          0,
          0.13146497,
          0.97529006,
          -0.17755662,
          0,
          -0.5803529,
          0.22092848,
          0.78382474,
          0,
          -0.7254043,
          0.28838742,
          0.8442174,
          1
        ]
      },
      {
        "date" : 730336759.0875,
        "title" : "Untitled",
        "transform" : [
          0.8036837,
          -1.6078034e-09,
          0.5950567,
          0,
          0.13146497,
          0.97529006,
          -0.17755662,
          0,
          -0.5803529,
          0.22092848,
          0.78382474,
          0,
          -0.121028244,
          0.5063518,
          0.14085133,
          1
        ]
      },
      {
        "date" : 730336740.368414,
        "title" : "Untitled",
        "transform" : [
          0.8036837,
          -1.6078034e-09,
          0.5950567,
          0,
          0.13146497,
          0.97529006,
          -0.17755662,
          0,
          -0.5803529,
          0.22092848,
          0.78382474,
          0,
          -1.0878932,
          0.15765724,
          1.2660782,
          1
        ]
      },
      {
        "date" : 730336737.480994,
        "title" : "Untitled",
        "transform" : [
          0.063696146,
          -4.8259585e-06,
          0.9979693,
          0,
          0.10162742,
          0.99480146,
          -0.006481636,
          0,
          -0.9927812,
          0.10183389,
          0.063365504,
          0,
          -1.0878932,
          0.15765724,
          1.2660782,
          1
        ]
      },
      {
        "date" : 730336723.947342,
        "title" : "Untitled",
        "transform" : [
          0.063696146,
          -4.8259585e-06,
          0.9979693,
          0,
          0.10162742,
          0.99480146,
          -0.006481636,
          0,
          -0.9927812,
          0.10183389,
          0.063365504,
          0,
          -0.36168024,
          0.06213023,
          0.67329156,
          1
        ]
      },
      {
        "date" : 730336720.848702,
        "title" : "Untitled",
        "transform" : [
          0.063696146,
          -4.8259585e-06,
          0.9979693,
          0,
          0.10162742,
          0.99480146,
          -0.006481636,
          0,
          -0.9927812,
          0.10183389,
          0.063365504,
          0,
          -0.20708117,
          0.03557286,
          0.62059087,
          1
        ]
      },
      {
        "date" : 730336716.752486,
        "title" : "Untitled",
        "transform" : [
          0.59551567,
          8.980637e-09,
          0.80334365,
          0,
          0.20001502,
          0.9685091,
          -0.14827041,
          0,
          -0.7780457,
          0.24897826,
          0.5767623,
          0,
          -0.20708117,
          0.03557286,
          0.62059087,
          1
        ]
      },
      {
        "date" : 730336714.138456,
        "title" : "Untitled",
        "transform" : [
          0.5893294,
          -1.2337908e-09,
          0.807893,
          0,
          -0.06864393,
          0.9963838,
          0.050073314,
          0,
          -0.80497146,
          -0.08496652,
          0.5871982,
          0,
          -0.20765847,
          -0.035271782,
          0.6190288,
          1
        ]
      },
      {
        "date" : 730331436.768833,
        "title" : "Untitled",
        "transform" : [
          0.91963655,
          -9.015366e-10,
          0.3927704,
          0,
          -0.24779624,
          0.77586955,
          0.58019257,
          0,
          -0.3047386,
          -0.63089335,
          0.713518,
          0,
          -0.121143624,
          -0.14644861,
          0.66405326,
          1
        ]
      },
      {
        "date" : 730331431.870519,
        "title" : "Untitled",
        "transform" : [
          0.91963655,
          -9.015366e-10,
          0.3927704,
          0,
          -0.24779624,
          0.77586955,
          0.58019257,
          0,
          -0.3047386,
          -0.63089335,
          0.713518,
          0,
          -0.121143624,
          -0.14644861,
          0.66405326,
          1
        ]
      }
    ],
    "7E3EB360-3167-4A98-817C-D0D513EE32A2" : [
      {
        "date" : 729734323.085901,
        "title" : "Untitled",
        "transform" : [
          0.99999994,
          0,
          -0,
          0,
          -0,
          0.8660254,
          -0.49999988,
          0,
          0,
          0.49999988,
          0.8660254,
          0,
          -7.45058e-09,
          0.0592999,
          0.122507215,
          1
        ]
      },
      {
        "date" : 729734319.519464,
        "title" : "Untitled",
        "transform" : [
          0.99999994,
          0,
          0,
          0,
          0,
          0.8660254,
          -0.49999988,
          0,
          0,
          0.49999988,
          0.8660254,
          0,
          0,
          0.14438513,
          0.25008237,
          1
        ]
      },
      {
        "date" : 729734312.403071,
        "title" : "Untitled",
        "transform" : [
          0.99999994,
          0,
          -0,
          0,
          -0,
          0.8660254,
          -0.49999988,
          0,
          0,
          0.49999988,
          0.8660254,
          0,
          0,
          0.19481151,
          0.3374234,
          1
        ]
      }
    ]
  },
  "selectedSceneRelativePath" : "Earth.usda"
}